image: robotlab.pgm
resolution: 0.050000
#origin: [-6, -13.5, 0.000000]
origin: [0.0000, 0.0000, 0.000000]
#origin: [-51.224998, -51.224998, 0.000000]
negate: 0
occupied_thresh: 0.65
free_thresh: 0.196

